0 0 0 0 0 0 0 0 0 0 0 0 0 0 0 0 0 0 0 0 0 0 0 0 0 0 0 0 0 0 0 0
0 0 2 2 2 2 2 0 0 0 0 2 0 0 2 9 2 2 4 2 5 2 2 11 11 11 11 0 0 0 0 0
0 0 2 0 0 2 0 0 0 0 0 3 0 0 0 0 0 0 0 0 0 0 2 0 0 0 11 0 0 0 0 0
0 0 2 0 0 2 0 0 0 0 0 4 0 0 0 0 0 0 0 0 0 0 0 0 0 0 11 0 0 0 0 0
0 0 2 0 0 2 0 0 0 0 0 2 0 0 0 2 2 0 0 0 0 0 0 0 0 0 11 0 0 0 2 2
0 0 0 0 0 0 0 0 0 0 0 0 0 0 0 2 2 0 0 0 2 0 0 0 0 0 11 0 0 0 2 0
0 0 2 2 8 2 2 2 2 2 2 2 0 0 0 2 2 0 0 0 2 0 0 0 0 0 11 0 0 0 0 0
0 0 0 0 0 0 0 0 0 0 0 0 0 0 0 0 0 0 0 0 2 2 0 0 0 0 11 0 0 0 0 0
0 0 2 0 0 0 0 2 2 0 0 0 0 0 0 0 0 0 0 0 2 0 0 0 0 0 11 0 0 0 2 2
0 0 2 0 0 0 0 2 2 0 0 0 0 0 0 0 0 0 0 0 2 0 0 0 0 0 0 0 0 0 0 0
0 0 2 0 0 0 0 0 0 0 0 0 0 0 0 0 0 1 2 2 2 0 0 0 0 0 0 0 0 0 0 0
0 0 2 2 2 2 2 3 3 3 5 0 0 0 0 0 0 1 0 0 0 0 0 0 0 0 0 0 0 0 0 0
0 0 0 0 0 0 0 0 0 0 0 0 0 0 0 0 0 1 0 0 0 0 0 0 2 0 0 2 2 2 0 2
0 0 2 0 0 0 0 0 0 0 0 2 2 2 2 0 0 1 0 0 0 0 0 0 5 0 0 0 3 0 0 0
0 0 2 0 0 0 0 2 2 0 0 2 0 0 0 0 0 0 0 0 0 0 0 0 2 0 0 0 2 0 0 0
0 0 2 0 0 0 0 2 0 0 0 2 0 0 0 0 0 0 0 0 0 0 0 0 2 0 0 0 2 0 0 0
0 0 2 2 2 2 10 2 2 2 2 2 0 0 2 2 0 2 2 5 2 2 2 2 2 0 0 0 8 0 0 0
2 0 0 0 0 0 0 0 0 0 0 0 0 0 0 2 0 0 0 0 0 0 3 0 0 0 0 0 2 0 0 0
0 0 0 0 0 0 0 0 0 0 0 0 0 0 0 2 0 0 0 0 0 0 0 0 0 0 0 0 2 0 0 0
0 0 2 7 2 2 2 2 2 2 0 0 0 0 0 2 0 0 3 0 0 0 0 0 0 0 0 0 2 0 0 0
0 0 0 0 0 0 0 0 0 2 0 0 0 0 0 2 2 2 2 5 2 2 2 2 2 0 2 2 2 0 0 0
2 2 0 0 0 2 0 0 0 2 0 0 2 0 0 2 0 0 0 2 0 0 0 0 0 0 0 0 0 0 0 0
0 0 0 2 2 2 0 0 0 2 0 0 2 2 5 2 0 0 0 2 0 0 0 0 0 0 0 0 0 0 0 0
0 0 0 2 0 0 0 0 0 2 0 0 0 0 0 0 0 0 0 2 0 0 0 0 0 0 0 0 0 0 0 0
<<<<<<< HEAD
0 0 0 2 0 0 0 0 0 2 0 0 0 0 0 0 0 0 0 2 0 0 0 0 2 2 2 2 0 2 2 2
0 0 0 2 6 2 2 2 7 2 0 0 0 0 0 0 0 0 0 2 0 0 0 0 2 0 0 0 0 0 0 0
0 0 0 0 2 0 0 0 0 0 0 0 0 0 2 2 4 2 2 2 0 0 0 0 2 0 0 0 0 0 0 0
0 0 0 0 2 0 0 0 0 0 0 0 0 0 0 0 0 0 0 0 0 0 0 0 0 0 0 0 2 0 0 0
0 0 0 0 0 0 0 0 0 0 0 2 0 0 0 0 0 0 0 0 0 0 0 0 2 0 0 0 2 0 0 0
0 0 0 0 2 0 0 0 0 0 0 2 0 0 0 0 0 2 0 0 0 0 0 0 2 0 0 0 2 0 0 0
=======
0 0 0 2 0 0 0 0 0 2 0 0 0 0 0 0 0 0 0 2 0 0 0 0 4 4 4 4 0 4 4 4
0 0 0 2 6 2 2 2 7 2 0 0 0 0 0 0 0 0 0 2 0 0 0 0 4 0 0 0 0 0 0 0
0 0 0 0 2 0 0 0 0 0 0 0 0 0 2 2 4 2 2 2 0 0 0 0 4 0 0 0 0 0 0 0
0 0 0 0 2 0 0 0 0 0 0 0 0 0 0 0 0 0 0 0 0 0 0 0 0 0 0 0 4 0 0 0
<<<<<<< HEAD
0 0 0 0 0 0 0 0 0 0 0 2 0 0 0 0 0 0 0 0 0 0 0 0 4 0 0 0 10 0 0 0
0 0 0 0 2 0 0 0 0 0 0 2 0 0 0 0 0 2 0 0 0 0 0 0 4 0 0 0 4 0 0 0
=======
0 0 0 0 0 0 0 0 0 0 0 2 0 0 0 0 0 0 0 0 0 0 0 0 4 0 0 0 4 0 0 0
0 0 0 0 2 0 0 0 0 0 0 2 0 0 0 0 0 2 0 0 0 0 0 0 4 0 0 0 4 0 0 0
>>>>>>> 2237084fbcafe0299f2e506104fb9a0d5728ab23
>>>>>>> 358d2b89c5eadee6325c0b2da1fb9c1c4e1267ee
